00000000000000000000000000000000001111100111100010000000000000000000000000000000
00000000000000000000000000000000111111111111111100000000000000000000000000000000
00000000000000000000000000000011111111111111111111100000000000000000000000000000
00000000000000000000000001001111111111111111111111111101100000000000000000000000
00000000000000000000000000111111111111111111111111111111110000000000000000000000
00000000000000000000000011111111111111111111111111111111111100000000000000000000
00000000000000000000101111111111111111111111111111111111111111000000000000000000
00000000000000000000011111111111111111111111111111111111111111100000000000000000
00000000000000000010111111111111111111111111111111111111111111110000000000000000
00000000000000000001111111111111111000001000010000111111111111111000000000000000
00000000000000001011111111111111100000000000000000000111111111111100000000000000
00000000000000010111111111111111100000000000000000001011111111111110000000000000
00000000000000001111111111111000000000000000000000000000111111111111000000000000
00000000000000001111111111100000000000000000000000000000011111111111100000000000
00000000000001011111111111100000000000000000000000000000001111111111100000000000
00000000000000111111111110000000000000000000000000000000000111111111110000000000
00000000000000111111111001100000000000000000000000000000001011111111110100000000
00000000101001111111110000000000000000000000000000000000000011111111111000000000
00000000011001111111101000000000000000000000000000000000000001111111111100000000
00000000010011111111010000000000000000000000000000000000000010111111111100000000
00000000000111111110000000000000000000000000000000000000000000111111011000000000
00000000000111111101000000000000000000000001110000000000000000111111101000000000
00000000001111111000000000000000000000001111111110000000000000011111111100000000
00000000101111110000000000000000000010111111111111100000000000011111111100000000
00000001101111111000000000000000000001111111000011110000000000011111110100000000
00000001111111110000000000000000000011111000000000011100000000011111110100000000
00000001011111110000000000000000000111100100000000101100000000001111110110000000
00000000111111101000000000000000000111000000000000000000000000001111110110000000
00000000111111100000000000000000001110000000000000000000000000001111110000000000
00000000111111000000000000000000011110000000000000000000000000001111110100000000
00000000111111000000000000000000011100000000000000000000000000001111111000000000
00000000111111000000000000000000011100000000000000000000000000001111111000000000
00000000111111100000000000000000111010000000000000000101100000001111110100000000
00000000111111000000000000000000111010000000000000000101100000001111110100000000
00000000111110000000000000000000111010000000000000000000100000001111110100000000
00000000111110000000000000000000111010000000000000000000000000011111110100000000
00000000111110000000000000000000111010000000000000000000000000001111111000000000
00000000111110000000000000000000111010000000000000000110100000001111111000000000
00000000111110000000000000000000111100000000000000001110100000011111010100000000
00000000111110000000000000000000111100000000000000001110000000111111011100000000
00000000111110000000000000000000111100000000000000000100000000111110110000000000
00000000111110000000000000000000011110000000011001001010000011111110110000000000
00000000111110000000000000000000111110000000011111000000000001111110100000000000
00000000111110000000000000000000011111000000001110000000001011111001100000000000
00000000111111000000000000000001111111100000000000000000000111111000000000000000
00000000111111000000000000000001111111110100000000000000101111111000000000000000
00000000111111000000000000000000111011111000000000000101111111000000000000000000
00000000111111000000000000000000011111111110000000000011111110000000000000000000
00000000011111100000000000000000011111111111110000111111111100000000000000000000
00000000011111100000000000000000000011111111111111111111111010000000000000000000
00000000011111100000000000000000000000111111111111111111100000000000000000000000
00000000101111100000000000000000000000011111111111111110010000000000000000000000
00000000101111111000000000000000000000000111111000000000000000000000000000000000
00000000001111111100000000000000000000000001111111100000000000000000000000000000
00000000001111111110000000000000000000000000000000000000000000000000000000000000
00000000000111111110000000000000000000000000000000000000000000000000000000000000
00000000000111111111000000000000000000000000000000000000000000000000000000000000
00000000000011111110100000000000000000000000000000000000000000000000000000000000
00000000000011111111000000000000000000000000000000000000000000000000000000000000
00000000000001111111000000000000000000000000000000000000000000000000000000000000
00000000000001111111010000000000000000000000000000000000000000000000000000000000
00000000000000111111100000000000000000000000000000000000000000000000000000000000
00000000000001011111100000000000000000000000000000000000000000000000000000000000
00000000000000011111110000000000000000000000000000000000000000000000000000000000
00000000000000001111110000000000000000000000000000000000000000000000000000000000
00000000000000000111111010000000000000000000000000000000000000000000000000000000
00000000000000000111111110000000000000000000000000000000000000000000000000000000
00000000000000000011111110000000000000000000000000000000000000000000000000000000
00000000000000000001111110010000000000000000000000000000000000000000000000000000
00000000000000000010111111100000000000000000000000000000000000000000000000000000
00000000000000000000011111110100000000000000000000000000000000000000000000000000
00000000000000000000101111111000000000000000000000000000000000000000000000000000
00000000000000000000000111111110000000000000000000000000000000000000000000000000
00000000000000000000001011111110101000000000000000000000000000000000000000000000
00000000000000000000000000111111010000000000000000000000000000000000000000000000
00000000000000000000000000011111111010000000000000000000000000000000000000000000
00000000000000000000000000100111111100000000000000000000000000000000000000000000
00000000000000000000000000000001111110000000000000000000000000000000000000000000
00000000000000000000000000000000011111111000000000000000000000000000000000000000
00000000000000000000000000000000100111111111100000000000000000000000000000000000
